From left to right and from top to bottom:
Enjoyment, Anger, Fear, Sadness, Surprise, Disgust.

Negation weight matrix:
-07.44	-00.17	00.33	05.42	-02.65	01.73	
02.04	02.94	00.90	-02.33	-02.45	03.66	
00.04	-02.18	06.02	04.41	-00.76	03.93	
04.22	01.51	-02.23	-02.48	03.97	-00.92	
00.59	00.25	-00.53	-01.77	00.90	02.13	
-03.10	10.98	01.03	-00.46	03.47	-04.70	

Intensifier weight matrix:
09.49	-02.71	04.09	-06.05	05.15	-03.51	
05.17	06.09	-01.96	-06.89	01.74	04.73	
01.43	03.50	03.31	-04.87	00.62	-01.99	
-03.95	01.29	02.25	03.16	01.23	00.84	
-00.68	03.70	-05.80	-01.92	12.36	02.28	
-04.03	-00.32	01.89	-02.48	04.58	10.27	

Diminisher weight matrix:
03.60	05.40	-00.86	00.26	03.03	-01.58	
10.21	12.48	00.10	-04.25	12.89	00.75	
02.00	-07.40	-16.38	04.01	09.32	09.85	
00.49	-07.09	-02.00	01.24	-06.61	-01.26	
03.67	-06.14	-06.71	-00.66	07.32	03.82	
04.50	02.47	01.92	-05.50	06.73	16.07	

Neutral weight matrix:
10.56	-08.42	02.47	-04.23	04.14	-00.90	
-06.72	12.19	06.97	-13.75	00.02	03.43	
-10.04	-05.13	04.83	-12.18	-08.99	-10.42	
-13.83	00.51	-04.80	10.11	-04.94	03.02	
-00.40	02.87	-02.52	07.86	12.71	10.92	
04.57	02.43	-14.17	-02.60	-11.23	07.08	

