From left to right and from top to bottom:
Enjoyment, Anger, Fear, Sadness, Surprise, Disgust.

Negation weight matrix:
-00.01	00.31	-01.76	01.90	-00.23	00.10	
-01.15	03.00	-00.14	00.17	-00.57	-00.29	
00.36	-00.86	04.11	-00.89	-01.18	-00.55	
00.67	00.44	-01.02	-00.29	00.34	-01.13	
-00.14	-00.24	00.06	-00.11	01.38	-00.56	
00.43	01.27	-00.88	-00.86	00.52	00.71	

Intensifier weight matrix:
03.18	-01.39	-00.27	-00.88	01.93	-02.37	
-00.46	02.70	00.38	01.22	-00.78	00.55	
-01.07	-00.46	02.62	-00.35	-00.57	01.65	
-01.48	-01.31	-00.33	01.73	-00.79	02.46	
-00.98	-01.10	-01.43	-00.26	04.27	-01.08	
-00.70	-00.07	-00.91	01.04	-00.79	03.27	

Diminisher weight matrix:
01.77	-01.15	-00.49	-00.59	03.32	-01.91	
-00.40	00.83	00.25	00.70	01.86	-00.88	
-00.74	-01.11	00.10	-00.65	03.36	-00.70	
00.90	-00.72	-01.13	01.57	-00.40	-00.32	
-01.21	-00.74	-00.96	-00.48	03.68	-01.47	
-00.64	-00.01	-00.53	-00.16	-00.03	01.23	

Neutral weight matrix:
03.70	-01.33	-00.03	-00.35	01.34	-00.74	
-01.44	02.10	00.15	-00.85	-02.06	00.57	
-02.06	-01.31	04.10	-00.39	-00.50	-00.94	
-02.06	00.23	-01.09	02.66	-02.18	00.92	
-00.13	-01.50	-00.96	00.34	03.26	00.37	
-01.26	01.08	-03.08	-00.29	-01.03	02.77	

