From left to right and from top to bottom:
Enjoyment, Anger, Fear, Sadness, Surprise, Disgust.

Negation weight matrix:
03.84	04.34	02.64	04.67	03.50	04.14	
03.44	04.48	03.01	03.50	02.80	03.61	
03.42	03.21	04.02	03.18	03.61	03.79	
03.98	03.37	02.63	03.83	03.06	03.13	
03.31	03.28	03.78	03.87	04.99	04.38	
04.01	03.98	03.52	04.19	03.93	03.87	

Intensifier weight matrix:
03.26	03.00	02.65	02.91	03.62	03.47	
03.26	05.11	03.21	03.89	03.59	03.31	
03.02	03.86	03.49	03.19	03.06	03.74	
02.82	03.56	03.26	04.56	03.76	04.05	
03.78	03.21	03.19	03.88	04.96	03.56	
03.52	03.84	03.10	05.19	03.47	04.19	

Diminisher weight matrix:
04.75	02.79	02.78	03.00	04.15	04.08	
03.56	04.29	03.26	04.34	03.76	02.95	
02.57	04.40	04.65	04.27	04.14	04.12	
03.33	04.00	03.42	04.18	04.39	03.58	
03.34	04.15	03.36	02.92	03.96	03.17	
04.60	02.82	03.42	03.50	04.69	04.91	

Neutral weight matrix:
03.83	03.40	03.17	03.27	03.02	03.67	
02.87	04.15	03.14	04.56	03.67	03.50	
03.62	03.75	04.07	03.54	03.45	04.55	
03.25	03.04	03.01	04.97	03.19	03.17	
03.59	03.43	04.04	03.82	04.76	03.99	
03.39	04.02	03.83	04.03	04.09	03.95	

